Date,Open,High,Low,Close,Adj Close,Volume
2025-01-02,44.27000045776367,44.540000915527344,43.88999938964844,43.97999954223633,39.79591751098633,465900
2025-01-02,44.27000045776367,44.540000915527344,43.88999938964844,43.97999954223633,39.79591369628906,465900
2025-01-03,44.0,44.58000183105469,43.81999969482422,44.560001373291016,40.320743560791016,471400
2025-01-03,44.0,44.58000183105469,43.81999969482422,44.560001373291016,40.9772834777832,471400
2025-01-06,44.439998626708984,44.880001068115234,44.220001220703125,44.70000076293945,40.447418212890625,671900
2025-01-06,44.43999862670898,44.880001068115234,44.220001220703125,44.70000076293945,40.44741821289063,671900
2025-01-07,44.77000045776367,45.349998474121094,44.290000915527344,44.91999816894531,40.646488189697266,998100
2025-01-07,44.77000045776367,45.34999847412109,44.290000915527344,44.91999816894531,40.646480560302734,998100
2025-01-08,44.779998779296875,45.18000030517578,44.400001525878906,44.93000030517578,40.65553283691406,695500
2025-01-08,44.77999877929688,45.18000030517578,44.400001525878906,44.93000030517578,40.655540466308594,695500
2025-01-10,44.369998931884766,44.66999816894531,43.75,44.29999923706055,40.08546829223633,724200
2025-01-10,44.369998931884766,44.66999816894531,43.75,44.29999923706055,40.738189697265625,724200
2025-01-13,44.29999923706055,45.11000061035156,44.119998931884766,45.06999969482422,40.78221130371094,557400
2025-01-13,44.29999923706055,45.11000061035156,44.119998931884766,45.06999969482422,41.4462776184082,557400
2025-01-14,45.18000030517578,45.58000183105469,45.040000915527344,45.5099983215332,41.18035888671875,775100
2025-01-14,45.18000030517578,45.58000183105469,45.040000915527344,45.5099983215332,41.85089874267578,775100
2025-01-15,46.61000061035156,46.709999084472656,45.599998474121094,45.599998474121094,41.26178741455078,575500
2025-01-15,46.61000061035156,46.709999084472656,45.59999847412109,45.59999847412109,41.93366241455078,575500
2025-01-16,45.65999984741211,46.66999816894531,45.65999984741211,46.650001525878906,42.2119026184082,482000
2025-01-16,45.65999984741211,46.66999816894531,45.65999984741211,46.650001525878906,42.89924240112305,482000
2025-01-17,46.65999984741211,47.150001525878906,46.650001525878906,46.849998474121094,42.39287567138672,466900
2025-01-17,46.65999984741211,47.150001525878906,46.650001525878906,46.84999847412109,43.08315658569336,466900
2025-01-21,47.150001525878906,47.720001220703125,46.97999954223633,47.599998474121094,43.0715217590332,628400
2025-01-21,47.150001525878906,47.720001220703125,46.97999954223633,47.59999847412109,43.772857666015625,628400
2025-01-22,47.400001525878906,47.59000015258789,46.58000183105469,46.59000015258789,42.1576042175293,702400
2025-01-22,47.400001525878906,47.59000015258789,46.58000183105469,46.59000015258789,42.15760803222656,702400
2025-01-23,46.599998474121094,46.650001525878906,46.02000045776367,46.4900016784668,42.06711959838867,673800
2025-01-23,46.59999847412109,46.650001525878906,46.02000045776367,46.4900016784668,42.0671272277832,673800
2025-01-24,46.540000915527344,47.68000030517578,46.540000915527344,47.66999816894531,43.13486099243164,580800
2025-01-24,46.540000915527344,47.68000030517578,46.540000915527344,47.66999816894531,43.13486099243164,580800
2025-01-27,47.779998779296875,48.619998931884766,47.68000030517578,48.41999816894531,43.81351089477539,786800
2025-01-27,47.77999877929688,48.619998931884766,47.68000030517578,48.41999816894531,44.52692794799805,786800
2025-01-28,48.15999984741211,48.58000183105469,46.84000015258789,47.0099983215332,42.53764724731445,548700
2025-01-28,48.15999984741211,48.58000183105469,46.84000015258789,47.0099983215332,42.53765106201172,548700
2025-01-29,47.13999938964844,47.209999084472656,46.2400016784668,46.29999923706055,41.895198822021484,381600
2025-01-29,47.13999938964844,47.209999084472656,46.2400016784668,46.29999923706055,41.895206451416016,381600
2025-01-30,46.77999877929688,46.900001525878906,46.16999816894531,46.68000030517578,42.23904037475586,572600
2025-01-30,46.779998779296875,46.900001525878906,46.16999816894531,46.68000030517578,42.239051818847656,572600
2025-01-31,46.43000030517578,46.63999938964844,45.790000915527344,46.09999847412109,41.97046661376953,555200
2025-01-31,46.43000030517578,46.63999938964844,45.790000915527344,46.099998474121094,41.97046661376953,555200
2025-02-03,45.5,46.27999877929688,44.84000015258789,46.119998931884766,41.98868179321289,735000
2025-02-03,45.5,46.279998779296875,44.84000015258789,46.119998931884766,41.988685607910156,735000
2025-02-04,45.77999877929688,46.90999984741211,45.5099983215332,46.7599983215332,42.57135391235352,670600
2025-02-04,45.779998779296875,46.90999984741211,45.5099983215332,46.7599983215332,42.571346282958984,670600
2025-02-05,46.939998626708984,47.900001525878906,46.849998474121094,47.470001220703125,43.21775817871094,636500
2025-02-05,46.93999862670898,47.900001525878906,46.84999847412109,47.470001220703125,43.217750549316406,636500
2025-02-06,47.5,47.79999923706055,47.290000915527344,47.720001220703125,43.44535446166992,522000
2025-02-06,47.5,47.79999923706055,47.290000915527344,47.720001220703125,43.44535827636719,522000
2025-02-07,47.63999938964844,47.97999954223633,47.34000015258789,47.68999862670898,43.41804504394531,656500
2025-02-07,47.63999938964844,47.97999954223633,47.34000015258789,47.689998626708984,43.41804504394531,656500
2025-02-10,47.68999862670898,47.81999969482422,47.290000915527344,47.59000015258789,43.32700347900391,535700
2025-02-10,47.689998626708984,47.81999969482422,47.290000915527344,47.59000015258789,43.327003479003906,535700
2025-02-11,47.41999816894531,47.709999084472656,47.099998474121094,47.59000015258789,43.327003479003906,561400
2025-02-11,47.41999816894531,47.709999084472656,47.09999847412109,47.59000015258789,43.32700347900391,561400
2025-02-12,46.79999923706055,47.4900016784668,46.75,47.459999084472656,43.20864868164063,473100
2025-02-12,46.79999923706055,47.4900016784668,46.75,47.459999084472656,43.20864486694336,473100
2025-02-13,47.709999084472656,48.79999923706055,47.459999084472656,48.72999954223633,44.36488342285156,600400
2025-02-13,47.709999084472656,48.79999923706055,47.459999084472656,48.72999954223633,44.36487579345703,600400
2025-02-14,48.93000030517578,49.2599983215332,48.25,48.2599983215332,43.93698501586914,438700
2025-02-14,48.93000030517578,49.2599983215332,48.25,48.2599983215332,43.93698501586914,438700
2025-02-18,48.29999923706055,49.06999969482422,48.189998626708984,48.970001220703125,44.583377838134766,597900
2025-02-18,48.29999923706055,49.06999969482422,48.18999862670898,48.970001220703125,44.58338928222656,597900
2025-02-19,48.810001373291016,49.40999984741211,48.599998474121094,49.189998626708984,44.783668518066406,657900
2025-02-19,48.810001373291016,49.40999984741211,48.59999847412109,49.18999862670898,44.78367614746094,657900
2025-02-20,49.0,49.61000061035156,48.84999847412109,49.540000915527344,45.10232925415039,574500
2025-02-20,49.0,49.61000061035156,48.849998474121094,49.540000915527344,45.10232925415039,574500
2025-02-21,49.790000915527344,49.84000015258789,49.029998779296875,49.43000030517578,45.00217819213867,1036100
2025-02-21,49.790000915527344,49.84000015258789,49.02999877929688,49.43000030517578,45.23980712890625,1036100
2025-02-24,49.650001525878906,50.38999938964844,49.150001525878906,50.209999084472656,45.71231842041016,793600
2025-02-24,49.650001525878906,50.38999938964844,49.150001525878906,50.209999084472656,45.71231460571289,793600
2025-02-25,50.20000076293945,50.84000015258789,50.06999969482422,50.77999877929688,46.23124694824219,1013800
2025-02-25,50.20000076293945,50.84000015258789,50.06999969482422,50.779998779296875,46.23125076293945,1013800
2025-02-26,50.720001220703125,51.369998931884766,50.70000076293945,51.310001373291016,46.713775634765625,991300
2025-02-26,50.720001220703125,51.369998931884766,50.70000076293945,51.310001373291016,46.71377944946289,991300
2025-02-27,51.810001373291016,53.59000015258789,51.45000076293945,52.119998931884766,47.45122146606445,1346100
2025-02-27,51.810001373291016,53.59000015258789,51.45000076293945,52.119998931884766,47.45121765136719,1346100
2025-02-28,51.83000183105469,53.119998931884766,51.59000015258789,53.06999969482422,48.581764221191406,1142400
2025-02-28,51.83000183105469,53.119998931884766,51.59000015258789,53.06999969482422,48.5817756652832,1142400
2025-03-03,53.0,54.25,52.970001220703125,53.810001373291016,49.259185791015625,1001800
2025-03-03,53.0,54.25,52.970001220703125,53.810001373291016,49.78611373901367,1001800
2025-03-04,53.45000076293945,53.900001525878906,52.90999984741211,52.95000076293945,48.47191619873047,901500
2025-03-04,53.45000076293945,53.900001525878906,52.90999984741211,52.95000076293945,48.471923828125,901500
2025-03-05,52.65999984741211,53.61000061035156,52.290000915527344,53.380001068115234,48.86554718017578,758000
2025-03-05,52.65999984741211,53.61000061035156,52.290000915527344,53.380001068115234,48.86555099487305,758000
2025-03-06,53.0,53.150001525878906,52.439998626708984,52.79999923706055,48.33460998535156,667500
2025-03-06,53.0,53.150001525878906,52.43999862670898,52.79999923706055,48.33460235595703,667500
2025-03-07,52.77000045776367,53.65999984741211,52.619998931884766,53.20000076293945,48.70077133178711,697300
2025-03-07,52.77000045776367,53.65999984741211,52.619998931884766,53.20000076293945,49.22174453735352,697300
2025-03-10,53.65999984741211,54.25,52.599998474121094,52.68000030517578,48.22474670410156,1121800
2025-03-10,53.65999984741211,54.25,52.59999847412109,52.68000030517578,48.224754333496094,1121800
2025-03-11,53.04999923706055,53.22999954223633,51.70000076293945,52.0099983215332,47.61141586303711,1190300
2025-03-11,53.04999923706055,53.22999954223633,51.70000076293945,52.0099983215332,47.61141586303711,1190300
2025-03-12,51.79999923706055,52.220001220703125,50.72999954223633,51.52000045776367,47.16285705566406,906300
2025-03-12,51.79999923706055,52.220001220703125,50.72999954223633,51.52000045776367,47.16286087036133,906300
2025-03-13,51.790000915527344,52.380001068115234,50.58000183105469,50.619998931884766,46.33897399902344,857700
2025-03-13,51.790000915527344,52.380001068115234,50.58000183105469,50.619998931884766,46.338966369628906,857700
2025-03-14,50.849998474121094,51.689998626708984,50.68000030517578,51.689998626708984,47.31847381591797,670400
2025-03-14,50.84999847412109,51.68999862670898,50.68000030517578,51.68999862670898,47.3184814453125,670400
2025-03-17,51.63999938964844,52.09000015258789,51.540000915527344,51.939998626708984,47.54732894897461,589600
2025-03-17,51.63999938964844,52.09000015258789,51.540000915527344,51.93999862670898,47.54733276367188,589600
2025-03-18,51.95000076293945,52.36000061035156,51.650001525878906,51.84999847412109,47.46495056152344,496700
2025-03-18,51.95000076293945,52.36000061035156,51.650001525878906,51.849998474121094,47.46494674682617,496700
2025-03-19,51.83000183105469,52.0099983215332,50.7400016784668,51.33000183105469,46.98892974853516,747200
2025-03-19,51.83000183105469,52.0099983215332,50.7400016784668,51.33000183105469,46.98892593383789,747200
2025-03-20,51.459999084472656,51.90999984741211,51.02000045776367,51.61000061035156,47.2452507019043,735500
2025-03-20,51.459999084472656,51.90999984741211,51.02000045776367,51.61000061035156,47.245243072509766,735500
2025-03-21,51.33000183105469,51.560001373291016,50.709999084472656,51.38999938964844,47.04384231567383,1119100
2025-03-21,51.33000183105469,51.560001373291016,50.709999084472656,51.38999938964844,47.043853759765625,1119100
2025-03-24,51.849998474121094,52.5099983215332,51.689998626708984,51.970001220703125,47.57480239868164,795600
2025-03-24,51.84999847412109,52.5099983215332,51.68999862670898,51.970001220703125,47.82600021362305,795600
2025-03-25,51.900001525878906,52.0099983215332,50.5099983215332,51.11000061035156,46.78753280639648,946100
2025-03-25,51.900001525878906,52.0099983215332,50.5099983215332,51.11000061035156,46.78752899169922,946100
2025-03-26,51.34000015258789,51.95000076293945,51.34000015258789,51.810001373291016,47.42832946777344,647200
2025-03-26,51.34000015258789,51.95000076293945,51.34000015258789,51.810001373291016,47.4283332824707,647200
2025-03-27,52.09000015258789,52.2400016784668,51.209999084472656,51.290000915527344,46.95230865478516,692300
2025-03-27,52.09000015258789,52.2400016784668,51.209999084472656,51.290000915527344,46.95231246948242,692300
2025-03-28,51.58000183105469,51.75,50.880001068115234,51.70000076293945,47.3276252746582,492200
2025-03-28,51.58000183105469,51.75,50.880001068115234,51.70000076293945,47.32763671875,492200
2025-03-31,51.470001220703125,52.75,51.290000915527344,52.61000061035156,48.43705368041992,746200
2025-03-31,51.470001220703125,52.75,51.290000915527344,52.61000061035156,48.43704605102539,746200
2025-04-01,52.900001525878906,53.0,52.02999877929688,52.34000015258789,48.1884651184082,785300
2025-04-01,52.900001525878906,53.0,52.029998779296875,52.34000015258789,48.18846893310547,785300
2025-04-02,52.119998931884766,52.41999816894531,51.29999923706055,51.5099983215332,47.42430877685547,767500
2025-04-02,52.119998931884766,52.41999816894531,51.29999923706055,51.5099983215332,47.424293518066406,767500
2025-04-03,51.33000183105469,51.40999984741211,48.540000915527344,48.81999969482422,44.947669982910156,1800900
2025-04-03,51.33000183105469,51.40999984741211,48.540000915527344,48.81999969482422,44.94766616821289,1800900
2025-04-04,47.84000015258789,48.029998779296875,46.0,46.84000015258789,43.124717712402344,2000400
2025-04-04,47.84000015258789,48.02999877929688,46.0,46.84000015258789,43.12472534179688,2000400
2025-04-07,45.15999984741211,47.400001525878906,44.7400016784668,45.5099983215332,41.90021514892578,1547200
2025-04-07,45.15999984741211,47.400001525878906,44.7400016784668,45.5099983215332,41.900211334228516,1547200
2025-04-08,46.75,46.83000183105469,42.880001068115234,43.529998779296875,40.077266693115234,1263800
2025-04-08,46.75,46.83000183105469,42.880001068115234,43.52999877929688,40.28888702392578,1263800
2025-04-09,42.790000915527344,47.38999938964844,41.75,47.09999847412109,43.36410903930664,1601200
2025-04-09,42.790000915527344,47.38999938964844,41.75,47.099998474121094,43.36410903930664,1601200
2025-04-10,46.310001373291016,47.04999923706055,45.06999969482422,46.22999954223633,42.56310272216797,1131000
2025-04-10,46.310001373291016,47.04999923706055,45.06999969482422,46.22999954223633,42.5631103515625,1131000
2025-04-11,46.16999816894531,47.25,44.81999969482422,47.22999954223633,43.48378753662109,1040100
2025-04-11,46.16999816894531,47.25,44.81999969482422,47.22999954223633,43.483787536621094,1040100
2025-04-14,47.75,48.97999954223633,47.5,48.75,44.88322448730469,874700
2025-04-14,47.75,48.97999954223633,47.5,48.75,44.883216857910156,874700
2025-04-15,48.63999938964844,49.400001525878906,48.63999938964844,48.75,44.88322448730469,552000
2025-04-15,48.63999938964844,49.400001525878906,48.63999938964844,48.75,44.883216857910156,552000
2025-04-16,48.75,49.209999084472656,48.09999847412109,48.5,44.65306091308594,473200
2025-04-16,48.75,49.209999084472656,48.099998474121094,48.5,44.653053283691406,473200
2025-04-17,48.75,49.540000915527344,48.75,49.27000045776367,45.36197280883789,496400
2025-04-17,48.75,49.540000915527344,48.75,49.27000045776367,45.36198806762695,496400
2025-04-21,48.84999847412109,49.43000030517578,48.36000061035156,48.9900016784668,45.10419464111328,472100
2025-04-21,48.849998474121094,49.43000030517578,48.36000061035156,48.9900016784668,45.104190826416016,472100
2025-04-22,49.5,50.0,49.0,49.52000045776367,45.5921516418457,373800
2025-04-22,49.5,50.0,49.0,49.52000045776367,45.59214782714844,373800
2025-04-23,50.0099983215332,50.43000030517578,48.97999954223633,49.290000915527344,45.38039779663086,570100
2025-04-23,50.0099983215332,50.43000030517578,48.97999954223633,49.290000915527344,45.38039779663086,570100
2025-04-24,49.290000915527344,49.52000045776367,48.790000915527344,48.84000015258789,44.966087341308594,528100
2025-04-24,49.290000915527344,49.52000045776367,48.790000915527344,48.84000015258789,44.966087341308594,528100
2025-04-25,48.79999923706055,49.43999862670898,48.68000030517578,49.06999969482422,45.17784118652344,702300
2025-04-25,48.79999923706055,49.439998626708984,48.68000030517578,49.06999969482422,45.17784881591797,702300
2025-04-28,49.04999923706055,49.619998931884766,48.810001373291016,49.560001373291016,45.62898254394531,581000
2025-04-28,49.04999923706055,49.619998931884766,48.810001373291016,49.560001373291016,45.62897872924805,581000
2025-04-29,49.34000015258789,49.900001525878906,49.13999938964844,49.560001373291016,45.62898254394531,438300
2025-04-29,49.34000015258789,49.900001525878906,49.13999938964844,49.560001373291016,45.62897872924805,438300
2025-04-30,49.150001525878906,49.68000030517578,48.5,49.4900016784668,45.837371826171875,527700
2025-04-30,49.150001525878906,49.68000030517578,48.5,49.4900016784668,45.837379455566406,527700
2025-05-01,49.45000076293945,50.08000183105469,49.060001373291016,49.63999938964844,45.97629928588867,479400
2025-05-01,49.45000076293945,50.08000183105469,49.060001373291016,49.63999938964844,45.97629928588867,479400
2025-05-02,50.290000915527344,50.43000030517578,49.68999862670898,49.93000030517578,46.24489212036133,416100
2025-05-02,50.290000915527344,50.43000030517578,49.689998626708984,49.93000030517578,46.244895935058594,416100
2025-05-05,49.91999816894531,50.25,49.540000915527344,49.970001220703125,46.281944274902344,428900
2025-05-05,49.91999816894531,50.25,49.540000915527344,49.970001220703125,46.28194427490234,428900
2025-05-06,49.650001525878906,50.41999816894531,49.34999847412109,50.18999862670898,46.48569869995117,644800
2025-05-06,49.650001525878906,50.41999816894531,49.349998474121094,50.189998626708984,46.485713958740234,644800
2025-05-07,50.20000076293945,50.7599983215332,50.150001525878906,50.36000061035156,46.64315414428711,854200
2025-05-07,50.20000076293945,50.7599983215332,50.150001525878906,50.36000061035156,46.643157958984375,854200
2025-05-08,51.029998779296875,52.34000015258789,50.66999816894531,51.66999816894531,47.85646438598633,909500
2025-05-08,51.02999877929688,52.34000015258789,50.66999816894531,51.66999816894531,47.85646438598633,909500
2025-05-09,51.61000061035156,53.34000015258789,51.4900016784668,52.90999984741211,49.00495147705078,615800
2025-05-09,51.61000061035156,53.34000015258789,51.4900016784668,52.90999984741211,49.00495529174805,615800
2025-05-12,53.290000915527344,53.66999816894531,52.5,53.18000030517578,49.25502395629883,734300
2025-05-12,53.290000915527344,53.66999816894531,52.5,53.18000030517578,49.255027770996094,734300
2025-05-13,53.29999923706055,53.29999923706055,51.88999938964844,52.36000061035156,48.49555206298828,732100
2025-05-13,53.29999923706055,53.29999923706055,51.88999938964844,52.36000061035156,48.495548248291016,732100
2025-05-14,52.209999084472656,52.38999938964844,51.59000015258789,52.16999816894531,48.31957244873047,661800
2025-05-14,52.209999084472656,52.38999938964844,51.59000015258789,52.16999816894531,48.31957244873047,661800
2025-05-15,52.400001525878906,53.709999084472656,52.25,53.70000076293945,49.73664855957031,608400
2025-05-15,52.400001525878906,53.709999084472656,52.25,53.70000076293945,49.73664855957031,608400
2025-05-16,53.5,54.209999084472656,53.36000061035156,54.15999984741211,50.162696838378906,692200
2025-05-16,53.5,54.209999084472656,53.36000061035156,54.15999984741211,50.16270446777344,692200
2025-05-19,53.790000915527344,54.209999084472656,53.70000076293945,54.04999923706055,50.06081771850586,463900
2025-05-19,53.790000915527344,54.209999084472656,53.70000076293945,54.04999923706055,50.060821533203125,463900
2025-05-20,53.869998931884766,54.189998626708984,53.5,53.61000061035156,49.65329360961914,662100
2025-05-20,53.869998931884766,54.18999862670898,53.5,53.61000061035156,49.91547393798828,662100
2025-05-21,53.25,53.439998626708984,52.22999954223633,52.310001373291016,48.44923400878906,597600
2025-05-21,53.25,53.43999862670898,52.22999954223633,52.310001373291016,48.70506286621094,597600
2025-05-22,52.15999984741211,52.58000183105469,51.63999938964844,52.380001068115234,48.51406478881836,482500
2025-05-22,52.15999984741211,52.58000183105469,51.63999938964844,52.380001068115234,48.51407241821289,482500
2025-05-23,52.29999923706055,52.900001525878906,52.0,52.7599983215332,48.866024017333984,435700
2025-05-23,52.29999923706055,52.900001525878906,52.0,52.7599983215332,48.86602020263672,435700
2025-05-27,53.02999877929688,54.209999084472656,52.81999969482422,54.150001525878906,50.153438568115234,636300
2025-05-27,53.029998779296875,54.209999084472656,52.81999969482422,54.150001525878906,50.153438568115234,636300
2025-05-28,54.20000076293945,54.56999969482422,53.84000015258789,54.5099983215332,50.48686218261719,634000
2025-05-28,54.20000076293945,54.56999969482422,53.84000015258789,54.5099983215332,50.48686981201172,634000
2025-05-29,54.70000076293945,55.36000061035156,54.22999954223633,55.2599983215332,51.18151473999024,758400
2025-05-29,54.70000076293945,55.36000061035156,54.22999954223633,55.2599983215332,51.18151092529297,758400
2025-05-30,54.75,55.91999816894531,54.650001525878906,55.68999862670898,51.85660552978516,1049900
2025-05-30,54.75,55.91999816894531,54.650001525878906,55.689998626708984,51.85660171508789,1049900
2025-06-02,55.470001220703125,56.16999816894531,54.939998626708984,56.0099983215332,52.15456771850586,765000
2025-06-02,55.470001220703125,56.16999816894531,54.93999862670898,56.0099983215332,52.154579162597656,765000
2025-06-03,55.900001525878906,56.599998474121094,55.72999954223633,56.38999938964844,52.508419036865234,819100
2025-06-03,55.900001525878906,56.59999847412109,55.72999954223633,56.38999938964844,52.5084228515625,819100
2025-06-04,56.38999938964844,56.599998474121094,55.77000045776367,55.77000045776367,51.93109893798828,648500
2025-06-04,56.38999938964844,56.59999847412109,55.77000045776367,55.77000045776367,51.931095123291016,648500
2025-06-05,55.779998779296875,56.15999984741211,55.400001525878906,56.0,52.145267486572266,574300
2025-06-05,55.77999877929688,56.15999984741211,55.400001525878906,56.0,52.145267486572266,574300
2025-06-06,56.369998931884766,56.68999862670898,56.119998931884766,56.61000061035156,52.71327209472656,445000
2025-06-06,56.369998931884766,56.689998626708984,56.119998931884766,56.61000061035156,52.713279724121094,445000
2025-06-09,56.709999084472656,57.11000061035156,56.16999816894531,56.880001068115234,52.96469497680664,627900
2025-06-09,56.709999084472656,57.11000061035156,56.16999816894531,56.880001068115234,52.96469497680664,627900
2025-06-10,56.810001373291016,57.720001220703125,56.70000076293945,57.02999877929688,53.10436630249024,948100
2025-06-10,56.810001373291016,57.720001220703125,56.70000076293945,57.029998779296875,53.104366302490234,948100
2025-06-11,57.29999923706055,57.63999938964844,56.810001373291016,57.15999984741211,53.22542190551758,605500
2025-06-11,57.29999923706055,57.63999938964844,56.810001373291016,57.15999984741211,53.22541427612305,605500
2025-06-12,56.9900016784668,57.58000183105469,56.83000183105469,57.47999954223633,53.52339553833008,729800
2025-06-12,56.9900016784668,57.58000183105469,56.83000183105469,57.47999954223633,53.52338790893555,729800
2025-06-13,57.2599983215332,57.380001068115234,56.290000915527344,56.54999923706055,52.65740966796875,748600
2025-06-13,57.2599983215332,57.380001068115234,56.290000915527344,56.54999923706055,52.65740966796875,748600
2025-06-16,56.900001525878906,57.0,55.959999084472656,56.310001373291016,52.43393325805664,671600
2025-06-16,56.900001525878906,57.0,55.959999084472656,56.310001373291016,52.43392562866211,671600
2025-06-17,56.09000015258789,56.88999938964844,55.630001068115234,56.66999816894531,52.769142150878906,614300
2025-06-17,56.09000015258789,56.88999938964844,55.630001068115234,56.66999816894531,52.76914978027344,614300
2025-06-18,56.83000183105469,57.650001525878906,56.65999984741211,57.16999816894531,53.2347297668457,619400
2025-06-18,56.83000183105469,57.650001525878906,56.65999984741211,57.16999816894531,53.23472595214844,619400
2025-06-20,57.59000015258789,58.77999877929688,57.52000045776367,58.29999923706055,54.28694534301758,1450200
2025-06-20,57.59000015258789,58.779998779296875,57.52000045776367,58.29999923706055,54.28694534301758,1450200
2025-06-23,58.369998931884766,59.16999816894531,58.20000076293945,59.11000061035156,55.04119110107422,822200
2025-06-23,58.369998931884766,59.16999816894531,58.20000076293945,59.11000061035156,55.04118728637695,822200
2025-06-24,59.310001373291016,59.310001373291016,58.11000061035156,58.130001068115234,54.12864685058594,770200
2025-06-24,59.310001373291016,59.310001373291016,58.11000061035156,58.130001068115234,54.1286506652832,770200
2025-06-25,58.0,58.099998474121094,57.22999954223633,57.5099983215332,53.55132293701172,748600
2025-06-25,58.0,58.09999847412109,57.22999954223633,57.5099983215332,53.83408737182617,748600
2025-06-26,57.709999084472656,57.93000030517578,57.209999084472656,57.68000030517578,53.70962905883789,845400
2025-06-26,57.709999084472656,57.93000030517578,57.209999084472656,57.68000030517578,53.709625244140625,845400
2025-06-27,57.75,58.0,57.06999969482422,57.54999923706055,53.58857345581055,985300
2025-06-27,57.75,58.0,57.06999969482422,57.54999923706055,53.87153244018555,985300
2025-06-30,57.34999847412109,58.27000045776367,56.5,58.2599983215332,54.52922058105469,940700
2025-06-30,57.349998474121094,58.27000045776367,56.5,58.2599983215332,54.52921676635742,940700
2025-07-01,58.04999923706055,58.75,57.68999862670898,58.45000076293945,54.70704650878906,981000
2025-07-01,58.04999923706055,58.75,57.689998626708984,58.45000076293945,54.70705032348633,981000
2025-07-02,58.06999969482422,59.25,58.060001373291016,59.02000045776367,55.24055480957031,992500
2025-07-02,58.06999969482422,59.25,58.060001373291016,59.02000045776367,55.24055480957031,992500
2025-07-03,59.040000915527344,59.59999847412109,58.68999862670898,59.5,55.6898078918457,645800
2025-07-03,59.040000915527344,59.599998474121094,58.689998626708984,59.5,55.6898078918457,645800
2025-07-07,59.5,59.68000030517578,58.52000045776367,58.84999847412109,55.08143997192383,640400
2025-07-07,59.5,59.68000030517578,58.52000045776367,58.849998474121094,55.08143615722656,640400
2025-07-08,58.61000061035156,58.900001525878906,58.13999938964844,58.58000183105469,54.82872772216797,649500
2025-07-08,58.61000061035156,58.900001525878906,58.13999938964844,58.58000183105469,54.82872009277344,649500
2025-07-09,58.720001220703125,59.18000030517578,58.27000045776367,58.970001220703125,55.19375228881836,540100
2025-07-09,58.720001220703125,59.18000030517578,58.27000045776367,58.970001220703125,55.19375228881836,540100
2025-07-10,58.97999954223633,59.91999816894531,58.779998779296875,59.779998779296875,55.95187759399414,568500
2025-07-10,58.97999954223633,59.91999816894531,58.77999877929688,59.77999877929688,55.95188522338867,568500
2025-07-11,59.29999923706055,60.4900016784668,58.84999847412109,60.369998931884766,56.50410079956055,722000
2025-07-11,59.29999923706055,60.4900016784668,58.849998474121094,60.369998931884766,56.50410079956055,722000
2025-07-14,60.34000015258789,61.2400016784668,60.22999954223633,61.209999084472656,57.290306091308594,726000
2025-07-14,60.34000015258789,61.2400016784668,60.22999954223633,61.209999084472656,57.29030227661133,726000
2025-07-15,61.11000061035156,61.18000030517578,59.650001525878906,59.66999816894531,55.84891891479492,540600
2025-07-15,61.11000061035156,61.18000030517578,59.650001525878906,59.66999816894531,55.84891891479492,540600
2025-07-16,59.86000061035156,60.36000061035156,59.43999862670898,60.18000030517578,56.32626724243164,692000
2025-07-16,59.86000061035156,60.36000061035156,59.439998626708984,60.18000030517578,56.326271057128906,692000
2025-07-17,60.18000030517578,60.43000030517578,59.310001373291016,59.369998931884766,55.56813430786133,619800
2025-07-17,60.18000030517578,60.43000030517578,59.310001373291016,59.369998931884766,55.56813430786133,619800
2025-07-18,59.5,59.54999923706055,58.38999938964844,58.72999954223633,54.969120025634766,671100
2025-07-18,59.5,59.54999923706055,58.38999938964844,58.72999954223633,54.9691162109375,671100
2025-07-21,58.849998474121094,59.09000015258789,58.36000061035156,58.41999816894531,54.67897033691406,685200
2025-07-21,58.84999847412109,59.09000015258789,58.36000061035156,58.41999816894531,54.6789665222168,685200
2025-07-22,58.41999816894531,59.0,58.2599983215332,58.68999862670898,54.93168258666992,1027700
2025-07-22,58.41999816894531,59.0,58.2599983215332,58.689998626708984,54.931678771972656,1027700
2025-07-23,58.540000915527344,58.70000076293945,57.93999862670898,58.4900016784668,54.74448776245117,743800
2025-07-23,58.540000915527344,58.70000076293945,57.939998626708984,58.4900016784668,54.74449157714844,743800
2025-07-24,58.4900016784668,58.52999877929688,57.650001525878906,57.91999816894531,54.21099472045898,681700
2025-07-24,58.4900016784668,58.529998779296875,57.650001525878906,57.91999816894531,54.210994720458984,681700
2025-07-25,58.22999954223633,58.25,56.900001525878906,57.22999954223633,53.5651741027832,784800
2025-07-25,58.22999954223633,58.25,56.900001525878906,57.22999954223633,53.56518173217773,784800
2025-07-28,57.369998931884766,57.54999923706055,56.459999084472656,56.70000076293945,53.069114685058594,1095700
2025-07-28,57.369998931884766,57.54999923706055,56.459999084472656,56.70000076293945,53.06912612915039,1095700
2025-07-29,57.20000076293945,57.22999954223633,56.650001525878906,57.040000915527344,53.3873405456543,679200
2025-07-29,57.20000076293945,57.22999954223633,56.650001525878906,57.040000915527344,53.38734436035156,679200
2025-07-30,57.0,57.40999984741211,56.33000183105469,56.689998626708984,53.05975341796875,649200
2025-07-30,57.0,57.40999984741211,56.33000183105469,56.68999862670898,53.059757232666016,649200
2025-07-31,56.4900016784668,57.58000183105469,54.939998626708984,55.040000915527344,51.78488540649414,1571100
2025-07-31,56.4900016784668,57.58000183105469,54.93999862670898,55.040000915527344,51.78489303588867,1571100
2025-08-01,54.900001525878906,55.310001373291016,54.5099983215332,55.0099983215332,51.75666427612305,1151800
2025-08-01,54.900001525878906,55.310001373291016,54.5099983215332,55.0099983215332,51.75666427612305,1151800
2025-08-04,54.68000030517578,55.650001525878906,54.27000045776367,54.91999816894531,51.67198181152344,1174000
2025-08-04,54.68000030517578,55.650001525878906,54.27000045776367,54.91999816894531,51.6719856262207,1174000
2025-08-05,54.970001220703125,55.04999923706055,53.5,54.93000030517578,51.681396484375,1296300
2025-08-05,54.970001220703125,55.04999923706055,53.5,54.93000030517578,51.681392669677734,1296300
2025-08-06,55.09999847412109,55.09999847412109,53.45000076293945,53.52000045776367,50.35478591918945,1057900
2025-08-06,55.099998474121094,55.099998474121094,53.45000076293945,53.52000045776367,50.35478591918945,1057900
2025-08-07,53.86000061035156,54.29999923706055,53.279998779296875,54.13999938964844,50.938114166259766,1338700
2025-08-07,53.86000061035156,54.29999923706055,53.27999877929688,54.13999938964844,50.93811798095703,1338700
2025-08-08,54.2599983215332,54.75,53.810001373291016,53.849998474121094,50.6652717590332,655400
2025-08-08,54.2599983215332,54.75,53.810001373291016,53.84999847412109,50.66526794433594,655400
2025-08-11,53.849998474121094,53.90999984741211,52.709999084472656,52.810001373291016,49.68677520751953,847300
2025-08-11,53.84999847412109,53.90999984741211,52.709999084472656,52.810001373291016,49.68677520751953,847300
2025-08-12,53.0,53.40999984741211,52.61000061035156,53.33000183105469,50.176025390625,858300
2025-08-12,53.0,53.40999984741211,52.61000061035156,53.33000183105469,50.176025390625,858300
2025-08-13,53.38999938964844,53.63999938964844,52.72999954223633,53.41999816894531,50.26069641113281,981100
2025-08-13,53.38999938964844,53.63999938964844,52.72999954223633,53.41999816894531,50.26069259643555,981100
2025-08-14,53.040000915527344,53.2599983215332,52.630001068115234,53.04999923706055,49.912574768066406,570500
2025-08-14,53.040000915527344,53.2599983215332,52.630001068115234,53.04999923706055,49.912574768066406,570500
2025-08-15,53.060001373291016,53.38999938964844,52.119998931884766,52.58000183105469,49.47037887573242,1021800
2025-08-15,53.060001373291016,53.38999938964844,52.119998931884766,52.58000183105469,49.47038269042969,1021800
2025-08-18,52.540000915527344,52.869998931884766,52.279998779296875,52.72999954223633,49.611507415771484,1063200
2025-08-18,52.540000915527344,52.869998931884766,52.27999877929688,52.72999954223633,49.61150741577149,1063200
2025-08-19,52.540000915527344,53.630001068115234,52.540000915527344,53.540000915527344,50.37360763549805,1031500
2025-08-19,52.540000915527344,53.630001068115234,52.540000915527344,53.540000915527344,50.37360763549805,1031500
2025-08-20,53.75,54.27000045776367,53.630001068115234,53.810001373291016,50.62763977050781,1101200
2025-08-20,53.75,54.27000045776367,53.630001068115234,53.810001373291016,50.627628326416016,1101200
2025-08-21,53.59000015258789,54.09999847412109,53.38999938964844,53.75,50.57118225097656,738900
2025-08-21,53.59000015258789,54.099998474121094,53.38999938964844,53.75,50.57118225097656,738900
2025-08-22,54.119998931884766,54.369998931884766,53.810001373291016,54.0099983215332,50.81580352783203,768700
2025-08-22,54.119998931884766,54.369998931884766,53.810001373291016,54.0099983215332,50.81580352783203,768700
2025-08-25,53.9900016784668,54.380001068115234,53.75,53.880001068115234,50.6934928894043,838100
2025-08-25,53.9900016784668,54.380001068115234,53.75,53.880001068115234,50.69350051879883,838100
2025-08-26,53.84000015258789,54.380001068115234,53.7599983215332,54.099998474121094,50.900474548339844,954100
2025-08-26,53.84000015258789,54.380001068115234,53.7599983215332,54.09999847412109,50.900489807128906,954100
2025-08-27,54.310001373291016,55.130001068115234,54.310001373291016,54.95000076293945,51.70022201538086,1035000
2025-08-27,54.310001373291016,55.130001068115234,54.310001373291016,54.95000076293945,51.70021438598633,1035000
2025-08-28,55.040000915527344,55.040000915527344,53.81999969482422,54.36000061035156,51.145103454589844,856800
2025-08-28,55.040000915527344,55.040000915527344,53.81999969482422,54.36000061035156,51.145111083984375,856800
2025-08-29,54.04999923706055,54.34000015258789,53.790000915527344,54.25,51.32011413574219,1132000
2025-08-29,54.04999923706055,54.34000015258789,53.790000915527344,54.25,51.32011413574219,1132000
2025-09-02,53.880001068115234,54.0,52.810001373291016,53.16999816894531,50.298439025878906,1256300
2025-09-02,53.880001068115234,54.0,52.810001373291016,53.16999816894531,50.29844284057617,1256300
2025-09-03,52.97999954223633,53.59999847412109,52.75,53.400001525878906,50.516021728515625,892700
2025-09-03,52.97999954223633,53.599998474121094,52.75,53.400001525878906,50.51601791381836,892700
2025-09-04,53.61000061035156,53.869998931884766,52.779998779296875,53.2599983215332,50.38357925415039,811400
2025-09-04,53.61000061035156,53.869998931884766,52.77999877929688,53.2599983215332,50.383575439453125,811400
2025-09-05,53.45000076293945,53.65999984741211,52.540000915527344,53.2599983215332,50.38357925415039,941500
2025-09-05,53.45000076293945,53.65999984741211,52.540000915527344,53.2599983215332,50.383575439453125,941500
2025-09-08,52.81999969482422,53.2599983215332,52.47999954223633,53.20000076293945,50.326820373535156,919500
2025-09-08,52.81999969482422,53.2599983215332,52.47999954223633,53.20000076293945,50.32682037353516,919500
2025-09-09,53.06999969482422,55.38999938964844,52.83000183105469,55.290000915527344,52.3039436340332,2060200
2025-09-09,53.06999969482422,55.38999938964844,52.83000183105469,55.290000915527344,52.30394744873047,2060200
2025-09-10,55.18999862670898,55.77999877929688,54.68999862670898,55.11000061035156,52.13366317749024,2360800
2025-09-10,55.189998626708984,55.779998779296875,54.689998626708984,55.11000061035156,52.1336669921875,2360800
2025-09-11,55.54999923706055,56.68999862670898,55.5,56.59999847412109,53.543190002441406,863300
2025-09-11,55.54999923706055,56.689998626708984,55.5,56.599998474121094,53.54319381713867,863300
2025-09-12,56.790000915527344,58.630001068115234,56.7400016784668,58.470001220703125,55.31220626831055,1408900
2025-09-12,56.790000915527344,58.630001068115234,56.7400016784668,58.470001220703125,55.31220626831055,1408900
2025-09-15,58.54999923706055,58.70000076293945,57.970001220703125,58.27000045776367,55.123008728027344,1007800
2025-09-15,58.54999923706055,58.70000076293945,57.970001220703125,58.27000045776367,55.123008728027344,1007800
2025-09-16,58.189998626708984,58.27000045776367,56.70000076293945,56.7599983215332,53.69455337524414,1177600
2025-09-16,58.18999862670898,58.27000045776367,56.70000076293945,56.7599983215332,53.69454956054688,1177600
2025-09-17,56.83000183105469,57.439998626708984,56.4900016784668,56.630001068115234,53.57157516479492,1236200
2025-09-17,56.83000183105469,57.43999862670898,56.4900016784668,56.630001068115234,53.57157516479492,1236200
2025-09-18,56.5,57.31999969482422,56.40999984741211,56.869998931884766,53.798606872558594,731400
2025-09-18,56.5,57.31999969482422,56.40999984741211,56.869998931884766,53.79861068725586,731400
2025-09-19,56.68000030517578,57.22999954223633,56.5099983215332,56.709999084472656,53.64725875854492,1592400
2025-09-19,56.68000030517578,57.22999954223633,56.5099983215332,56.709999084472656,53.64725875854492,1592400
2025-09-22,57.0,57.0,56.33000183105469,56.38999938964844,53.344539642333984,801300
2025-09-22,57.0,57.0,56.33000183105469,56.38999938964844,53.34453582763672,801300
2025-09-23,56.40999984741211,57.31999969482422,56.400001525878906,57.18000030517578,54.09186935424805,521500
2025-09-23,56.40999984741211,57.31999969482422,56.400001525878906,57.18000030517578,54.09187698364258,521500
2025-09-24,57.150001525878906,57.400001525878906,56.16999816894531,56.16999816894531,53.13642501831055,1175700
2025-09-24,57.150001525878906,57.400001525878906,56.16999816894531,56.16999816894531,53.136417388916016,1175700
2025-09-25,56.31999969482422,56.84000015258789,56.08000183105469,56.79999923706055,53.732391357421875,644900
2025-09-25,56.31999969482422,56.84000015258789,56.08000183105469,56.79999923706055,53.73239135742188,644900
2025-09-26,57.06999969482422,57.560001373291016,56.95000076293945,57.4900016784668,54.3851318359375,566000
2025-09-26,57.06999969482422,57.560001373291016,56.95000076293945,57.4900016784668,54.385135650634766,566000
2025-09-29,57.75,57.75,56.95000076293945,57.43999862670898,54.33782577514648,678000
2025-09-29,57.75,57.75,56.95000076293945,57.439998626708984,54.337833404541016,678000
2025-09-30,57.18999862670898,58.13999938964844,57.130001068115234,58.0099983215332,55.16033554077149,692400
2025-09-30,57.189998626708984,58.13999938964844,57.130001068115234,58.0099983215332,55.16033935546875,692400
2025-10-01,57.95000076293945,58.54999923706055,57.5099983215332,58.31999969482422,55.455108642578125,623300
2025-10-01,57.95000076293945,58.54999923706055,57.5099983215332,58.31999969482422,55.455116271972656,623300
2025-10-02,58.150001525878906,58.220001220703125,57.5,58.20000076293945,55.341007232666016,611600
2025-10-02,58.150001525878906,58.220001220703125,57.5,58.20000076293945,55.34101104736328,611600
2025-10-03,58.290000915527344,58.56999969482422,57.38999938964844,57.459999084472656,54.63735580444336,688500
2025-10-03,58.290000915527344,58.56999969482422,57.38999938964844,57.459999084472656,54.637359619140625,688500
2025-10-06,57.5,57.56999969482422,54.880001068115234,55.20000076293945,52.48837661743164,1269400
2025-10-06,57.5,57.56999969482422,54.880001068115234,55.20000076293945,52.48837661743164,1269400
2025-10-07,55.20000076293945,55.540000915527344,54.900001525878906,55.08000183105469,52.374271392822266,770700
2025-10-07,55.20000076293945,55.540000915527344,54.900001525878906,55.08000183105469,52.374267578125,770700
2025-10-08,54.790000915527344,54.81999969482422,54.06999969482422,54.34000015258789,51.67062377929688,869200
2025-10-08,54.790000915527344,54.81999969482422,54.06999969482422,54.34000015258789,51.670616149902344,869200
2025-10-09,54.56999969482422,54.75,54.16999816894531,54.31999969482422,51.65160751342773,796200
2025-10-09,54.56999969482422,54.75,54.16999816894531,54.31999969482422,51.65160369873047,796200
2025-10-10,54.34999847412109,54.59000015258789,53.61000061035156,53.869998931884766,51.22370910644531,842700
2025-10-10,54.349998474121094,54.59000015258789,53.61000061035156,53.869998931884766,51.22370910644531,842700
2025-10-13,53.849998474121094,54.709999084472656,53.779998779296875,54.560001373291016,51.87981414794922,536500
2025-10-13,53.84999847412109,54.709999084472656,53.77999877929688,54.560001373291016,51.87981796264648,536500
2025-10-14,54.439998626708984,55.209999084472656,54.33000183105469,54.790000915527344,52.09851837158203,899000
2025-10-14,54.43999862670898,55.209999084472656,54.33000183105469,54.790000915527344,52.098514556884766,899000
2025-10-15,55.0,55.63999938964844,54.650001525878906,55.5099983215332,52.78314971923828,1104500
2025-10-15,55.0,55.63999938964844,54.650001525878906,55.5099983215332,52.78314971923828,1104500
2025-10-16,55.619998931884766,55.70000076293945,54.209999084472656,54.47999954223633,51.80374526977539,658700
2025-10-16,55.619998931884766,55.70000076293945,54.209999084472656,54.47999954223633,51.80373764038086,658700
2025-10-17,54.540000915527344,54.7400016784668,53.79999923706055,54.470001220703125,51.79423141479492,678600
2025-10-17,54.540000915527344,54.7400016784668,53.79999923706055,54.470001220703125,51.79423522949219,678600
2025-10-20,54.790000915527344,55.47999954223633,54.5,55.34999847412109,52.63100051879883,761000
2025-10-20,54.790000915527344,55.47999954223633,54.5,55.349998474121094,52.631004333496094,761000
2025-10-21,55.36000061035156,55.43000030517578,54.34000015258789,54.52999877929688,51.85128784179688,856900
2025-10-21,55.36000061035156,55.43000030517578,54.34000015258789,54.529998779296875,51.851287841796875,856900
2025-10-22,54.880001068115234,55.11000061035156,54.20000076293945,54.560001373291016,51.87981796264648,684600
2025-10-22,54.880001068115234,55.11000061035156,54.20000076293945,54.560001373291016,51.87981414794922,684600
2025-10-23,54.7599983215332,54.7599983215332,53.900001525878906,54.27999877929688,51.61356735229492,748900
2025-10-23,54.7599983215332,54.7599983215332,53.900001525878906,54.279998779296875,51.613563537597656,748900
2025-10-24,54.56999969482422,54.650001525878906,53.77000045776367,53.790000915527344,51.147640228271484,831600
2025-10-24,54.56999969482422,54.650001525878906,53.77000045776367,53.790000915527344,51.14764404296875,831600
2025-10-27,53.900001525878906,53.900001525878906,53.209999084472656,53.459999084472656,50.83384323120117,804200
2025-10-27,53.900001525878906,53.900001525878906,53.209999084472656,53.459999084472656,50.83384704589844,804200
2025-10-28,53.34000015258789,53.380001068115234,52.33000183105469,52.5099983215332,49.93051528930664,737400
2025-10-28,53.34000015258789,53.380001068115234,52.33000183105469,52.5099983215332,49.93051910400391,737400
2025-10-29,52.25,52.25,51.31999969482422,52.099998474121094,49.5406608581543,1123100
2025-10-29,52.25,52.25,51.31999969482422,52.09999847412109,49.54065704345703,1123100
2025-10-30,51.25,51.630001068115234,48.290000915527344,48.970001220703125,46.56441879272461,1970200
2025-10-30,51.25,51.630001068115234,48.290000915527344,48.970001220703125,46.56441879272461,1970200
2025-10-31,48.869998931884766,49.34000015258789,48.33000183105469,49.02000045776367,46.89446258544922,1644500
2025-10-31,48.869998931884766,49.34000015258789,48.33000183105469,49.02000045776367,46.89445877075195,1644500
2025-11-03,48.720001220703125,50.2599983215332,48.11000061035156,50.209999084472656,48.032859802246094,1131300
2025-11-03,48.720001220703125,50.2599983215332,48.11000061035156,50.209999084472656,48.032859802246094,1131300
2025-11-04,50.18000030517578,50.34000015258789,49.31999969482422,49.47999954223633,47.33451461791992,955800
2025-11-04,50.18000030517578,50.34000015258789,49.31999969482422,49.47999954223633,47.334510803222656,955800
2025-11-05,49.77999877929688,50.13999938964844,49.27000045776367,49.63999938964844,47.487571716308594,795100
2025-11-05,49.779998779296875,50.13999938964844,49.27000045776367,49.63999938964844,47.487571716308594,795100
2025-11-06,49.54999923706055,49.869998931884766,49.0,49.34000015258789,47.20058441162109,545900
2025-11-06,49.54999923706055,49.869998931884766,49.0,49.34000015258789,47.20058059692383,545900
2025-11-07,49.5,51.0,49.5,50.959999084472656,48.750335693359375,652500
2025-11-07,49.5,51.0,49.5,50.959999084472656,48.75033187866211,652500
2025-11-10,50.939998626708984,51.45000076293945,50.77000045776367,51.08000183105469,48.86513900756836,653400
2025-11-10,50.93999862670898,51.45000076293945,50.77000045776367,51.08000183105469,48.86513900756836,653400
2025-11-11,51.31999969482422,51.33000183105469,50.83000183105469,51.27999877929688,49.05646514892578,398400
2025-11-11,51.31999969482422,51.33000183105469,50.83000183105469,51.279998779296875,49.05646514892578,398400
2025-11-12,51.02999877929688,51.36000061035156,50.88999938964844,50.93000030517578,48.721641540527344,493700
2025-11-12,51.029998779296875,51.36000061035156,50.88999938964844,50.93000030517578,48.721641540527344,493700
2025-11-13,50.869998931884766,51.29999923706055,50.66999816894531,50.869998931884766,48.66423797607422,564300
2025-11-13,50.869998931884766,51.29999923706055,50.66999816894531,50.869998931884766,48.664241790771484,564300
2025-11-14,50.93000030517578,51.290000915527344,50.630001068115234,51.27999877929688,49.05645751953125,889500
2025-11-14,50.93000030517578,51.290000915527344,50.630001068115234,51.279998779296875,49.05646514892578,889500
2025-11-17,51.5,51.65999984741211,50.13999938964844,50.380001068115234,48.19548797607422,525200
2025-11-17,51.5,51.65999984741211,50.13999938964844,50.380001068115234,48.19548416137695,525200
2025-11-18,50.619998931884766,51.209999084472656,50.27000045776367,51.040000915527344,48.82686996459961,587600
2025-11-18,50.619998931884766,51.209999084472656,50.27000045776367,51.040000915527344,48.82687377929688,587600
2025-11-19,51.02999877929688,51.5099983215332,50.77999877929688,51.150001525878906,48.93209838867188,552600
2025-11-19,51.029998779296875,51.5099983215332,50.779998779296875,51.150001525878906,48.932106018066406,552600
2025-11-20,51.41999816894531,51.720001220703125,51.02000045776367,51.25,49.027767181396484,657300
2025-11-20,51.41999816894531,51.720001220703125,51.02000045776367,51.25,49.02775955200195,657300
2025-11-21,51.459999084472656,52.29999923706055,51.310001373291016,51.86000061035156,49.61130905151367,485600
2025-11-21,51.459999084472656,52.29999923706055,51.310001373291016,51.86000061035156,49.61132049560547,485600
2025-11-24,51.709999084472656,52.18000030517578,51.560001373291016,52.0099983215332,49.75481033325195,562200
2025-11-24,51.709999084472656,52.18000030517578,51.560001373291016,52.0099983215332,49.75480651855469,562200
2025-11-25,52.34000015258789,53.09000015258789,52.11000061035156,52.119998931884766,49.86004257202149,604400
2025-11-25,52.34000015258789,53.09000015258789,52.11000061035156,52.119998931884766,49.86003494262695,604400
2025-11-26,52.29999923706055,53.02000045776367,52.16999816894531,52.29999923706055,50.03223037719727,530300
2025-11-26,52.29999923706055,53.02000045776367,52.16999816894531,52.29999923706055,50.03223419189453,530300
2025-11-28,52.279998779296875,52.439998626708984,51.95000076293945,52.27000045776367,50.28718185424805,383700
2025-11-28,52.27999877929688,52.43999862670898,51.95000076293945,52.27000045776367,50.28718566894531,383700
2025-12-01,51.95000076293945,52.939998626708984,51.7599983215332,52.83000183105469,50.8259391784668,856000
2025-12-01,51.95000076293945,52.93999862670898,51.7599983215332,52.83000183105469,50.82593536376953,856000
2025-12-02,52.779998779296875,52.90999984741211,51.880001068115234,52.36000061035156,50.3737678527832,761900
2025-12-02,52.77999877929688,52.90999984741211,51.880001068115234,52.36000061035156,50.37376403808594,761900
2025-12-03,52.5,52.95000076293945,52.15999984741211,52.43999862670898,50.45072937011719,619600
2025-12-03,52.5,52.95000076293945,52.15999984741211,52.439998626708984,50.45073318481445,619600
2025-12-04,52.310001373291016,52.900001525878906,51.84000015258789,51.90999984741211,49.94083786010742,569900
2025-12-04,52.310001373291016,52.900001525878906,51.84000015258789,51.90999984741211,49.94084167480469,569900
2025-12-05,51.83000183105469,52.470001220703125,51.58000183105469,51.63999938964844,49.68107604980469,926200
2025-12-05,51.83000183105469,52.470001220703125,51.58000183105469,51.63999938964844,49.68107604980469,926200
2025-12-08,51.5,51.5,50.27999877929688,50.81999969482422,48.89218521118164,884700
2025-12-08,51.5,51.5,50.279998779296875,50.81999969482422,48.89218521118164,884700
2025-12-09,51.08000183105469,51.79999923706055,50.68000030517578,50.70000076293945,48.776737213134766,606000
2025-12-09,51.08000183105469,51.79999923706055,50.68000030517578,50.70000076293945,48.77674102783203,606000
2025-12-10,50.66999816894531,51.04999923706055,50.36000061035156,50.52999877929688,48.61318206787109,630600
2025-12-10,50.66999816894531,51.04999923706055,50.36000061035156,50.529998779296875,48.613182067871094,630600
2025-12-11,50.68000030517578,50.869998931884766,49.40999984741211,49.7400016784668,47.8531608581543,734100
2025-12-11,50.68000030517578,50.869998931884766,49.40999984741211,49.7400016784668,47.853153228759766,734100
2025-12-12,50.040000915527344,50.5,49.7599983215332,50.06999969482422,48.170631408691406,774600
2025-12-12,50.040000915527344,50.5,49.7599983215332,50.06999969482422,48.17063522338867,774600
2025-12-15,50.27999877929688,50.38999938964844,49.5099983215332,50.22999954223633,48.32456970214844,950200
2025-12-15,50.279998779296875,50.38999938964844,49.5099983215332,50.22999954223633,48.32456588745117,950200
2025-12-16,50.31999969482422,50.59000015258789,49.470001220703125,49.790000915527344,47.9012565612793,711500
2025-12-16,50.31999969482422,50.59000015258789,49.470001220703125,49.790000915527344,47.90126037597656,711500
2025-12-17,49.790000915527344,50.130001068115234,49.400001525878906,49.72999954223633,47.84353256225586,682100
2025-12-17,49.790000915527344,50.130001068115234,49.400001525878906,49.72999954223633,47.843528747558594,682100
2025-12-18,49.79999923706055,50.18000030517578,49.599998474121094,49.7599983215332,47.87239456176758,770100
2025-12-18,49.79999923706055,50.18000030517578,49.59999847412109,49.7599983215332,47.87239456176758,770100
2025-12-19,49.880001068115234,50.68000030517578,49.70000076293945,50.16999816894531,48.26684188842773,1562100
2025-12-19,49.880001068115234,50.68000030517578,49.70000076293945,50.16999816894531,48.26683807373047,1562100
2025-12-22,50.11000061035156,50.220001220703125,49.630001068115234,49.9900016784668,48.09366989135742,652800
2025-12-22,50.11000061035156,50.220001220703125,49.630001068115234,49.9900016784668,48.09367370605469,652800
2025-12-23,50.06999969482422,50.18000030517578,49.27999877929688,49.43000030517578,47.55491256713867,552800
2025-12-23,50.06999969482422,50.18000030517578,49.279998779296875,49.43000030517578,47.55491256713867,552800
2025-12-24,49.5,50.060001373291016,49.45000076293945,49.9900016784668,48.09367370605469,349300
2025-12-24,49.5,50.060001373291016,49.45000076293945,49.9900016784668,48.09367370605469,349300
2025-12-26,50.11000061035156,50.27999877929688,49.79999923706055,50.06999969482422,48.17063522338867,426200
2025-12-26,50.11000061035156,50.279998779296875,49.79999923706055,50.06999969482422,48.170631408691406,426200
2025-12-29,50.290000915527344,50.5,49.93000030517578,50.47999954223633,48.565086364746094,639400
2025-12-29,50.290000915527344,50.5,49.93000030517578,50.47999954223633,48.56507873535156,639400
2025-12-30,50.5099983215332,50.59000015258789,50.2599983215332,50.540000915527344,48.622806549072266,464100
2025-12-30,50.5099983215332,50.59000015258789,50.2599983215332,50.540000915527344,48.622806549072266,464100
2025-12-31,50.27000045776367,50.279998779296875,49.88999938964844,49.900001525878906,48.288944244384766,552900
2025-12-31,50.27000045776367,50.27999877929688,49.88999938964844,49.900001525878906,48.28894805908203,552900
2026-01-02,49.84999847412109,51.02000045776367,49.380001068115234,50.7599983215332,49.12117767333984,715600
2026-01-02,49.849998474121094,51.02000045776367,49.380001068115234,50.7599983215332,49.12118148803711,715600
2026-01-05,50.720001220703125,51.2599983215332,50.38999938964844,50.93000030517578,49.28569412231445,711200
2026-01-05,50.720001220703125,51.2599983215332,50.38999938964844,50.93000030517578,49.28569030761719,711200
2026-01-06,50.91999816894531,51.349998474121094,50.61000061035156,51.150001525878906,49.498592376708984,416200
2026-01-06,50.91999816894531,51.34999847412109,50.61000061035156,51.150001525878906,49.49858856201172,416200
2026-01-07,51.31999969482422,51.970001220703125,51.22999954223633,51.58000183105469,49.91470718383789,694600
2026-01-07,51.31999969482422,51.970001220703125,51.22999954223633,51.58000183105469,49.91470718383789,694600
2026-01-08,51.560001373291016,52.709999084472656,51.470001220703125,52.560001373291016,50.863067626953125,682100
2026-01-08,51.560001373291016,52.709999084472656,51.470001220703125,52.560001373291016,50.86306381225586,682100
2026-01-09,52.470001220703125,52.970001220703125,52.27000045776367,52.36000061035156,50.669525146484375,433400
2026-01-09,52.470001220703125,52.970001220703125,52.27000045776367,52.36000061035156,50.66952133178711,433400
2026-01-12,52.310001373291016,53.209999084472656,52.16999816894531,53.099998474121094,51.38562774658203,566400
2026-01-12,52.310001373291016,53.209999084472656,52.16999816894531,53.09999847412109,51.38562774658203,566400
2026-01-13,53.27000045776367,54.189998626708984,52.810001373291016,53.84000015258789,52.10173797607422,1681100
2026-01-13,53.27000045776367,54.18999862670898,52.810001373291016,53.84000015258789,52.10173797607422,1681100
2026-01-14,54.06999969482422,54.79999923706055,53.81999969482422,54.68000030517578,52.91462326049805,1044300
2026-01-14,54.06999969482422,54.79999923706055,53.81999969482422,54.68000030517578,52.91461944580078,1044300
2026-01-15,55.119998931884766,55.22999954223633,54.54999923706055,54.790000915527344,53.02106857299805,992000
2026-01-15,55.119998931884766,55.22999954223633,54.54999923706055,54.790000915527344,53.02106857299805,992000
2026-01-16,54.5099983215332,56.02000045776367,54.5099983215332,55.900001525878906,54.09523010253906,681200
2026-01-16,54.5099983215332,56.02000045776367,54.5099983215332,55.900001525878906,54.38086318969727,681200
2026-01-20,55.599998474121094,56.029998779296875,54.90999984741211,55.29999923706055,53.51460266113281,960100
2026-01-20,55.59999847412109,56.02999877929688,54.90999984741211,55.29999923706055,53.51459884643555,960100
2026-01-21,55.470001220703125,55.599998474121094,54.5099983215332,54.81999969482422,53.05010223388672,813600
2026-01-21,55.470001220703125,55.59999847412109,54.5099983215332,54.81999969482422,53.05009460449219,813600
2026-01-22,54.72999954223633,55.27000045776367,54.36000061035156,54.869998931884766,53.09848403930664,969400
2026-01-22,54.72999954223633,55.27000045776367,54.36000061035156,54.869998931884766,53.09848403930664,969400
2026-01-23,54.959999084472656,55.45000076293945,54.09000015258789,54.16999816894531,52.421085357666016,693900
2026-01-23,54.959999084472656,55.45000076293945,54.09000015258789,54.16999816894531,52.421085357666016,693900
2026-01-26,54.400001525878906,54.52999877929688,52.58000183105469,52.66999816894531,50.969512939453125,809600
2026-01-26,54.400001525878906,54.529998779296875,52.58000183105469,52.66999816894531,50.96950912475586,809600
2026-01-27,52.709999084472656,52.900001525878906,51.0,51.619998931884766,49.95341491699219,1127700
2026-01-27,52.709999084472656,52.900001525878906,51.0,51.619998931884766,49.95341110229492,1127700
2026-01-28,51.939998626708984,52.060001373291016,51.33000183105469,51.70000076293945,50.03083419799805,912600
2026-01-28,51.93999862670898,52.060001373291016,51.33000183105469,51.70000076293945,50.03083038330078,912600
2026-01-29,52.150001525878906,53.95000076293945,51.91999816894531,53.84000015258789,52.10173797607422,1171800
2026-01-29,52.150001525878906,53.95000076293945,51.91999816894531,53.84000015258789,52.10173797607422,1171800
2026-01-30,53.45000076293945,54.31999969482422,53.11000061035156,54.2400016784668,52.77800750732422,757800
2026-01-30,53.45000076293945,54.31999969482422,53.11000061035156,54.2400016784668,52.77800369262695,757800
2026-02-02,53.810001373291016,54.29999923706055,53.43999862670898,53.630001068115234,52.184452056884766,633100
2026-02-02,53.810001373291016,54.29999923706055,53.439998626708984,53.630001068115234,52.184452056884766,633100
2026-02-03,53.70000076293945,55.54999923706055,53.70000076293945,55.349998474121094,53.85808563232422,903700
2026-02-03,53.70000076293945,55.54999923706055,53.70000076293945,55.34999847412109,53.85808563232422,903700
2026-02-04,55.72999954223633,56.54999923706055,55.400001525878906,56.09000015258789,54.57814025878906,923300
2026-02-04,55.72999954223633,56.54999923706055,55.400001525878906,56.09000015258789,54.57814025878906,923300
2026-02-05,56.06999969482422,56.720001220703125,55.88999938964844,56.38999938964844,54.87005615234375,730000
2026-02-05,56.06999969482422,56.720001220703125,55.88999938964844,56.38999938964844,54.870059967041016,730000
2026-02-06,56.66999816894531,57.45000076293945,56.09000015258789,56.25,54.73382568359375,833000
2026-02-06,56.66999816894531,57.45000076293945,56.09000015258789,56.25,54.73382568359375,833000
2026-02-09,56.18000030517578,56.47999954223633,55.5,56.43999862670898,54.918704986572266,528400
2026-02-09,56.18000030517578,56.47999954223633,55.5,56.439998626708984,54.918704986572266,528400
2026-02-10,56.540000915527344,57.72999954223633,56.400001525878906,57.58000183105469,56.02798080444336,830700
2026-02-10,56.540000915527344,57.72999954223633,56.400001525878906,57.58000183105469,56.02798080444336,830700
2026-02-11,57.650001525878906,58.58000183105469,57.369998931884766,57.439998626708984,55.891754150390625,746900
2026-02-11,57.650001525878906,58.58000183105469,57.369998931884766,57.43999862670898,55.89175415039063,746900
2026-02-12,57.95000076293945,58.2599983215332,56.7400016784668,57.33000183105469,55.78472518920898,791300
2026-02-12,57.95000076293945,58.2599983215332,56.7400016784668,57.33000183105469,55.78471755981445,791300
2026-02-13,57.47999954223633,58.599998474121094,57.2599983215332,58.4900016784668,56.9134521484375,762500
2026-02-13,57.47999954223633,58.59999847412109,57.2599983215332,58.4900016784668,56.9134521484375,762500
2026-02-17,58.4900016784668,59.040000915527344,58.22999954223633,58.45000076293945,56.87453079223633,733800
2026-02-17,58.4900016784668,59.040000915527344,58.22999954223633,58.45000076293945,56.87453079223633,733800
2026-02-18,58.189998626708984,58.189998626708984,56.790000915527344,57.119998931884766,55.580379486083984,954200
2026-02-18,58.18999862670898,58.18999862670898,56.790000915527344,57.119998931884766,55.580379486083984,954200
2026-02-19,57.150001525878906,57.86000061035156,57.02999877929688,57.310001373291016,55.765262603759766,469900
2026-02-19,57.150001525878906,57.86000061035156,57.029998779296875,57.310001373291016,55.7652587890625,469900
2026-02-20,57.54999923706055,57.810001373291016,56.91999816894531,57.75,56.193397521972656,545200
2026-02-20,57.54999923706055,57.810001373291016,56.91999816894531,57.75,56.193397521972656,545200
2026-02-23,58.0,59.529998779296875,57.77000045776367,59.029998779296875,57.43889236450195,1108400
2026-02-23,58.0,59.52999877929688,57.77000045776367,59.02999877929688,57.43889236450195,1108400
2026-02-24,58.959999084472656,59.119998931884766,58.27000045776367,58.79999923706055,57.215091705322266,733600
2026-02-24,58.959999084472656,59.119998931884766,58.27000045776367,58.79999923706055,57.2150993347168,733600
2026-02-25,58.75,58.91999816894531,57.599998474121094,58.349998474121094,56.7772216796875,773200
2026-02-25,58.75,58.91999816894531,57.59999847412109,58.34999847412109,56.777225494384766,773200
2026-02-26,60.0,62.08000183105469,58.84999847412109,60.810001373291016,59.17091751098633,1722100
2026-02-26,60.0,62.08000183105469,58.849998474121094,60.810001373291016,59.170921325683594,1722100
2026-02-27,60.400001525878906,60.810001373291016,59.220001220703125,59.40999984741211,58.09046173095703,1383500
2026-02-27,60.400001525878906,60.810001373291016,59.220001220703125,59.40999984741211,58.09046173095703,1383500
2026-03-02,58.959999084472656,60.040000915527344,58.790000915527344,59.93999862670898,58.60868835449219,873500
2026-03-02,58.959999084472656,60.040000915527344,58.790000915527344,59.939998626708984,58.60868835449219,873500
2026-03-03,59.459999084472656,59.9900016784668,58.77000045776367,59.86000061035156,58.53046798706055,613300
2026-03-03,59.459999084472656,59.9900016784668,58.77000045776367,59.86000061035156,58.53046417236328,613300
2026-03-04,59.880001068115234,59.900001525878906,59.220001220703125,59.720001220703125,58.39357376098633,489900
2026-03-04,59.880001068115234,59.900001525878906,59.220001220703125,59.720001220703125,58.39357376098633,489900
2026-03-05,59.5,59.52000045776367,56.869998931884766,57.560001373291016,56.28155517578125,1932100
2026-03-05,59.5,59.52000045776367,56.869998931884766,57.560001373291016,56.281551361083984,1932100
2026-03-06,57.18000030517578,57.7400016784668,56.58000183105469,57.459999084472656,56.183773040771484,1127500
2026-03-06,57.18000030517578,57.7400016784668,56.58000183105469,57.459999084472656,56.18376922607422,1127500
2026-03-09,57.29999923706055,57.90999984741211,56.45000076293945,57.79999923706055,56.51622009277344,942600
2026-03-09,57.29999923706055,57.90999984741211,56.45000076293945,57.79999923706055,56.51622009277344,942600
2026-03-10,57.75,58.20000076293945,57.31999969482422,57.5,56.22288513183594,597600
2026-03-10,57.75,58.20000076293945,57.31999969482422,57.5,56.22288131713867,597600
2026-03-11,56.959999084472656,57.25,56.33000183105469,56.72999954223633,55.46998596191406,876700
2026-03-11,56.959999084472656,57.25,56.33000183105469,56.72999954223633,55.46998596191406,876700
2026-03-12,56.0,56.54999923706055,55.7400016784668,55.79999923706055,54.560638427734375,1388900
2026-03-12,56.0,56.54999923706055,55.7400016784668,55.79999923706055,54.560638427734375,1388900
2026-03-13,56.52000045776367,57.09000015258789,55.650001525878906,56.02000045776367,54.7757568359375,587200
2026-03-13,56.52000045776367,57.09000015258789,55.650001525878906,56.02000045776367,54.7757568359375,587200
2026-03-16,56.619998931884766,56.869998931884766,56.2400016784668,56.25,55.00064849853516,401600
2026-03-16,56.619998931884766,56.869998931884766,56.2400016784668,56.25,55.00064468383789,401600
2026-03-17,56.59999847412109,56.77999877929688,56.02000045776367,56.27000045776367,55.02020263671875,409800
2026-03-17,56.599998474121094,56.779998779296875,56.02000045776367,56.27000045776367,55.02020263671875,409800
2026-03-18,56.09000015258789,56.22999954223633,55.0,55.04999923706055,53.827301025390625,925700
2026-03-18,56.09000015258789,56.22999954223633,55.0,55.04999923706055,53.82730102539063,925700
2026-03-19,55.0,55.029998779296875,53.459999084472656,53.47999954223633,52.29216766357422,993200
2026-03-19,55.0,55.02999877929688,53.459999084472656,53.47999954223633,52.29216766357422,993200
2026-03-20,53.5,53.5,50.220001220703125,50.459999084472656,49.3392448425293,2130800
2026-03-20,53.5,53.5,50.220001220703125,50.459999084472656,49.3392448425293,2130800
2026-03-23,51.290000915527344,51.5,49.619998931884766,49.63999938964844,48.53745651245117,1312300
2026-03-23,51.290000915527344,51.5,49.619998931884766,49.63999938964844,48.53746032714844,1312300
2026-03-24,49.5,50.65999984741211,49.38999938964844,50.349998474121094,49.231693267822266,1479600
2026-03-24,49.5,50.65999984741211,49.38999938964844,50.34999847412109,49.231693267822266,1479600
2026-03-25,50.720001220703125,50.779998779296875,49.47999954223633,49.5099983215332,48.41034698486328,1003300
2026-03-25,50.720001220703125,50.77999877929688,49.47999954223633,49.5099983215332,48.41034698486328,1003300
2026-03-26,49.31999969482422,49.939998626708984,49.119998931884766,49.61000061035156,48.50812911987305,905200
2026-03-26,49.31999969482422,49.93999862670898,49.119998931884766,49.61000061035156,48.50812530517578,905200
2026-03-27,49.470001220703125,49.86000061035156,48.36000061035156,48.709999084472656,47.628116607666016,1200900
2026-03-27,49.470001220703125,49.86000061035156,48.36000061035156,48.709999084472656,47.628116607666016,1200900
2026-03-30,49.06999969482422,50.04999923706055,48.81999969482422,49.290000915527344,48.19523239135742,912200
2026-03-30,49.06999969482422,50.04999923706055,48.81999969482422,49.290000915527344,48.19523620605469,912200
2026-03-31,49.650001525878906,50.5,49.20000076293945,49.959999084472656,49.15953063964844,862200
2026-03-31,49.650001525878906,50.5,49.20000076293945,49.959999084472656,49.15953063964844,862200
2026-04-01,49.81999969482422,50.720001220703125,49.720001220703125,50.29999923706055,49.494083404541016,939900
2026-04-01,49.81999969482422,50.720001220703125,49.720001220703125,50.29999923706055,49.494083404541016,939900
2026-04-02,50.43000030517578,51.20000076293945,50.04999923706055,51.15999984741211,50.34030532836914,812800
2026-04-02,50.43000030517578,51.20000076293945,50.04999923706055,51.15999984741211,50.340309143066406,812800
2026-04-06,51.02000045776367,51.31999969482422,50.720001220703125,50.90999984741211,50.09431076049805,580000
2026-04-06,51.02000045776367,51.31999969482422,50.720001220703125,50.90999984741211,50.09431076049805,580000
2026-04-07,50.880001068115234,52.52000045776367,50.880001068115234,52.310001373291016,51.47188186645508,916200
2026-04-07,50.880001068115234,52.52000045776367,50.880001068115234,52.310001373291016,51.47188186645508,916200
2026-04-08,52.83000183105469,53.2599983215332,52.52000045776367,53.02000045776367,52.17050552368164,1048700
2026-04-08,52.83000183105469,53.2599983215332,52.52000045776367,53.02000045776367,52.170501708984375,1048700
2026-04-09,52.959999084472656,53.93999862670898,52.560001373291016,53.11000061035156,52.25905990600586,543100
2026-04-09,52.959999084472656,53.939998626708984,52.560001373291016,53.11000061035156,52.259063720703125,543100
2026-04-10,53.459999084472656,53.88999938964844,53.2400016784668,53.439998626708984,52.58377456665039,812900
2026-04-10,53.459999084472656,53.88999938964844,53.2400016784668,53.43999862670898,52.58377456665039,812900
2026-04-13,53.29999923706055,54.880001068115234,52.81999969482422,54.84000015258789,53.96134185791016,978500
2026-04-13,53.29999923706055,54.880001068115234,52.81999969482422,54.84000015258789,53.961341857910156,978500
2026-04-14,54.720001220703125,56.45000076293945,54.65999984741211,56.08000183105469,55.18147659301758,1369800
2026-04-14,54.720001220703125,56.45000076293945,54.65999984741211,56.08000183105469,55.18147659301758,1369800
2026-04-15,55.84000015258789,56.84000015258789,55.7400016784668,56.380001068115234,55.47666931152344,1345700
2026-04-15,55.84000015258789,56.84000015258789,55.7400016784668,56.380001068115234,55.47666931152344,1345700
2026-04-16,56.38999938964844,56.68999862670898,55.38999938964844,55.88999938964844,54.9945182800293,943000
2026-04-16,56.38999938964844,56.689998626708984,55.38999938964844,55.88999938964844,54.9945182800293,943000
2026-04-17,56.08000183105469,56.93000030517578,55.97999954223633,56.68000030517578,55.7718620300293,526100
2026-04-17,56.08000183105469,56.93000030517578,55.97999954223633,56.68000030517578,55.7718620300293,526100
2026-04-20,56.5,56.9900016784668,56.34999847412109,56.959999084472656,56.0473747253418,429900
2026-04-20,56.5,56.9900016784668,56.349998474121094,56.959999084472656,56.0473747253418,429900
2026-04-21,56.9900016784668,57.119998931884766,56.400001525878906,56.560001373291016,55.653785705566406,375800
2026-04-21,56.9900016784668,57.119998931884766,56.400001525878906,56.560001373291016,55.653785705566406,375800
2026-04-22,56.95000076293945,56.95000076293945,55.45000076293945,55.779998779296875,54.88628005981445,467300
2026-04-22,56.95000076293945,56.95000076293945,55.45000076293945,55.77999877929688,54.88628005981445,467300
2026-04-23,56.279998779296875,56.439998626708984,55.65999984741211,56.40999984741211,55.506187438964844,332800
2026-04-23,56.27999877929688,56.43999862670898,55.65999984741211,56.40999984741211,55.50618743896485,332800
2026-04-24,56.349998474121094,56.720001220703125,55.52000045776367,55.54999923706055,54.659969329833984,486000
2026-04-24,56.34999847412109,56.720001220703125,55.52000045776367,55.54999923706055,54.659969329833984,486000
2026-04-27,55.56999969482422,56.099998474121094,55.220001220703125,55.369998931884766,54.482852935791016,441300
2026-04-27,55.56999969482422,56.09999847412109,55.220001220703125,55.369998931884766,54.48284912109375,441300
2026-04-28,55.83000183105469,56.58000183105469,55.11000061035156,56.459999084472656,55.55538558959961,691800
2026-04-28,55.83000183105469,56.58000183105469,55.11000061035156,56.459999084472656,55.55538558959961,691800
2026-04-29,56.130001068115234,56.939998626708984,56.060001373291016,56.400001525878906,55.49634552001953,775100
2026-04-29,56.130001068115234,56.93999862670898,56.060001373291016,56.400001525878906,55.49635314941406,775100
2026-04-30,56.09000015258789,56.470001220703125,55.31999969482422,55.810001373291016,55.21931457519531,655500
2026-04-30,56.09000015258789,56.470001220703125,55.31999969482422,55.810001373291016,55.21931457519531,655500
2026-05-01,55.70000076293945,55.88999938964844,55.13999938964844,55.27999877929688,54.69491958618164,625800
2026-05-01,55.70000076293945,55.88999938964844,55.13999938964844,55.279998779296875,54.69491958618164,625800
2026-05-04,55.13999938964844,55.810001373291016,54.77999877929688,55.25,54.66523742675781,793300
2026-05-04,55.13999938964844,55.810001373291016,54.779998779296875,55.25,54.66523742675781,793300
2026-05-05,55.27000045776367,56.150001525878906,55.18000030517578,55.9900016784668,55.39740753173828,557300
2026-05-05,55.27000045776367,56.150001525878906,55.18000030517578,55.9900016784668,55.39740753173828,557300
2026-05-06,56.119998931884766,56.65999984741211,56.060001373291016,56.33000183105469,55.73381042480469,731800
2026-05-06,56.119998931884766,56.65999984741211,56.060001373291016,56.33000183105469,55.73381042480469,731800
2026-05-07,57.18999862670898,59.04999923706055,56.66999816894531,57.880001068115234,57.26740646362305,1004000
2026-05-07,57.189998626708984,59.04999923706055,56.66999816894531,57.880001068115234,57.26740646362305,1004000
2026-05-08,58.119998931884766,58.4900016784668,57.47999954223633,58.27999877929688,57.66316986083984,1030000
2026-05-08,58.119998931884766,58.4900016784668,57.47999954223633,58.279998779296875,57.663169860839844,1030000
2026-05-11,58.5099983215332,58.7599983215332,57.68999862670898,58.7599983215332,58.13808822631836,963200
2026-05-11,58.5099983215332,58.7599983215332,57.689998626708984,58.7599983215332,58.13808822631836,963200
2026-05-12,58.75,58.7599983215332,57.790000915527344,58.29999923706055,57.68295669555664,815000
2026-05-12,58.75,58.7599983215332,57.790000915527344,58.29999923706055,57.68295669555664,815000
2026-05-13,58.040000915527344,58.52000045776367,57.58000183105469,58.16999816894531,57.55432891845703,598300
2026-05-13,58.040000915527344,58.52000045776367,57.58000183105469,58.16999816894531,57.55432891845703,598300
2026-05-14,58.54999923706055,58.79999923706055,57.849998474121094,57.88999938964844,57.27729797363281,462800
2026-05-14,58.54999923706055,58.79999923706055,57.84999847412109,57.88999938964844,57.27729797363281,462800
2026-05-15,58.18000030517578,58.18000030517578,57.2599983215332,57.349998474121094,56.74300765991211,578000
2026-05-15,58.18000030517578,58.18000030517578,57.2599983215332,57.34999847412109,56.743011474609375,578000
2026-05-18,57.68999862670898,58.40999984741211,57.59999847412109,58.34000015258789,57.7225341796875,449200
2026-05-18,57.689998626708984,58.40999984741211,57.599998474121094,58.34000015258789,57.7225341796875,449200
2026-05-19,58.27999877929688,58.43999862670898,57.77999877929688,57.93999862670898,57.32676696777344,746100
2026-05-19,58.279998779296875,58.439998626708984,57.779998779296875,57.939998626708984,57.32676696777344,746100
2026-05-20,58.06999969482422,58.84000015258789,57.900001525878906,58.38999938964844,57.772003173828125,687500
2026-05-20,58.06999969482422,58.84000015258789,57.900001525878906,58.38999938964844,57.772003173828125,687500
2026-05-21,58.2400016784668,58.95000076293945,57.95000076293945,58.709999084472656,58.08861541748047,531600
2026-05-21,58.2400016784668,58.95000076293945,57.95000076293945,58.709999084472656,58.088619232177734,531600
2026-05-22,58.900001525878906,58.90999984741211,58.45000076293945,58.619998931884766,57.99956893920898,417700
2026-05-22,58.900001525878906,58.90999984741211,58.45000076293945,58.619998931884766,57.999568939208984,417700
2026-05-26,58.869998931884766,59.380001068115234,58.59000015258789,59.15999984741211,58.53385543823242,561300
2026-05-26,58.869998931884766,59.380001068115234,58.59000015258789,59.15999984741211,58.53385543823242,561300
2026-05-27,59.2400016784668,59.5,57.90999984741211,58.0,57.386131286621094,719600
2026-05-27,59.2400016784668,59.5,57.90999984741211,58.0,57.38613128662109,719600
2026-05-28,57.9900016784668,58.470001220703125,57.66999816894531,57.84000015258789,57.22782897949219,628200
2026-05-28,57.9900016784668,58.470001220703125,57.66999816894531,57.84000015258789,57.22782897949219,628200
2026-05-29,57.529998779296875,57.79999923706055,56.470001220703125,57.04999923706055,56.750343322753906,796700
2026-05-29,57.52999877929688,57.79999923706055,56.470001220703125,57.04999923706055,56.75034332275391,796700
2026-06-01,56.63999938964844,56.88999938964844,56.13999938964844,56.20000076293945,55.90481185913086,708000
2026-06-01,56.63999938964844,56.88999938964844,56.13999938964844,56.20000076293945,55.90481185913086,708000
2026-06-02,56.36000061035156,56.939998626708984,56.08000183105469,56.459999084472656,56.16344451904297,662000
2026-06-02,56.36000061035156,56.93999862670898,56.08000183105469,56.459999084472656,56.16344451904297,662000
2026-06-03,56.290000915527344,56.939998626708984,56.25,56.34000015258789,56.04407501220703,533300
2026-06-03,56.290000915527344,56.93999862670898,56.25,56.34000015258789,56.04407501220703,533300
2026-06-04,56.97999954223633,57.2400016784668,55.63999938964844,56.15999984741211,55.865020751953125,583800
2026-06-04,56.97999954223633,57.2400016784668,55.63999938964844,56.15999984741211,55.865020751953125,583800
2026-06-05,56.04999923706055,57.79999923706055,56.0,57.36000061035156,57.058719635009766,441900
2026-06-05,56.04999923706055,57.79999923706055,56.0,57.36000061035156,57.058719635009766,441900
2026-06-08,57.45000076293945,58.040000915527344,57.33000183105469,57.63999938964844,57.33724594116211,719500
2026-06-08,57.45000076293945,58.040000915527344,57.33000183105469,57.63999938964844,57.33724594116211,719500
2026-06-09,57.97999954223633,59.130001068115234,57.869998931884766,59.02000045776367,58.709999084472656,823800
2026-06-09,57.97999954223633,59.130001068115234,57.869998931884766,59.02000045776367,58.709999084472656,823800
2026-06-10,59.5,60.400001525878906,59.2599983215332,59.36000061035156,59.048213958740234,592300
2026-06-10,59.5,60.400001525878906,59.2599983215332,59.36000061035156,59.04821395874024,592300
2026-06-11,59.54999923706055,60.09000015258789,59.13999938964844,59.15999984741211,58.84926223754883,438900
2026-06-11,59.54999923706055,60.09000015258789,59.13999938964844,59.15999984741211,58.84926223754883,438900
2026-06-12,60.59999847412109,61.02000045776367,59.810001373291016,59.84999847412109,59.53563690185547,870000
2026-06-12,60.599998474121094,61.02000045776367,59.810001373291016,59.849998474121094,59.53563690185547,870000
2026-06-15,59.95000076293945,60.209999084472656,58.0099983215332,58.36000061035156,58.053466796875,722200
2026-06-15,59.95000076293945,60.209999084472656,58.0099983215332,58.36000061035156,58.053466796875,722200
2026-06-16,58.70000076293945,59.22999954223633,58.369998931884766,59.09999847412109,58.78957748413086,585200
2026-06-16,58.70000076293945,59.22999954223633,58.369998931884766,59.099998474121094,58.78957748413086,585200
2026-06-17,58.93999862670898,59.25,57.2599983215332,57.63999938964844,57.33724594116211,678900
2026-06-17,58.939998626708984,59.25,57.2599983215332,57.63999938964844,57.33724594116211,678900
2026-06-18,58.060001373291016,58.41999816894531,57.25,57.5099983215332,57.20792770385742,1011700
2026-06-18,58.060001373291016,58.41999816894531,57.25,57.5099983215332,57.20792770385742,1011700
2026-06-22,57.529998779296875,58.27000045776367,57.5,58.040000915527344,57.735145568847656,634300
2026-06-22,57.52999877929688,58.27000045776367,57.5,58.040000915527344,57.735145568847656,634300
2026-06-23,58.11000061035156,59.2599983215332,58.09000015258789,59.18000030517578,58.86915969848633,472100
2026-06-23,58.11000061035156,59.2599983215332,58.09000015258789,59.18000030517578,58.86915969848633,472100
2026-06-24,59.36000061035156,59.61000061035156,58.66999816894531,58.93999862670898,58.63041687011719,571600
2026-06-24,59.36000061035156,59.61000061035156,58.66999816894531,58.939998626708984,58.63041687011719,571600
2026-06-25,59.18999862670898,59.54999923706055,57.900001525878906,59.040000915527344,58.72989273071289,490500
2026-06-25,59.189998626708984,59.54999923706055,57.900001525878906,59.040000915527344,58.72989273071289,490500
2026-06-26,59.45000076293945,59.83000183105469,59.04999923706055,59.70000076293945,59.38642883300781,898400
2026-06-26,59.45000076293945,59.83000183105469,59.04999923706055,59.70000076293945,59.38642883300781,898400
2026-06-29,59.40999984741211,59.40999984741211,58.38999938964844,59.02000045776367,58.709999084472656,607200
2026-06-29,59.40999984741211,59.40999984741211,58.38999938964844,59.02000045776367,58.709999084472656,607200
2026-06-30,58.2400016784668,58.72999954223633,57.9900016784668,58.0099983215332,58.0099983215332,521000
2026-06-30,58.2400016784668,58.72999954223633,57.9900016784668,58.0099983215332,58.0099983215332,521000
2026-07-01,58.08000183105469,58.630001068115234,57.7400016784668,57.7400016784668,57.7400016784668,755000
2026-07-01,58.08000183105469,58.630001068115234,57.7400016784668,57.7400016784668,57.7400016784668,755000
2026-07-02,58.119998931884766,59.130001068115234,57.7599983215332,59.099998474121094,59.099998474121094,523700
2026-07-02,58.119998931884766,59.130001068115234,57.7599983215332,59.09999847412109,59.09999847412109,523700
2026-07-06,59.099998474121094,59.70000076293945,58.84000015258789,59.209999084472656,59.209999084472656,454700
2026-07-06,59.09999847412109,59.70000076293945,58.84000015258789,59.209999084472656,59.209999084472656,454700
2026-07-07,59.869998931884766,61.02000045776367,59.650001525878906,59.84000015258789,59.84000015258789,566500
2026-07-07,59.869998931884766,61.02000045776367,59.650001525878906,59.84000015258789,59.84000015258789,566500
2026-07-08,59.869998931884766,60.08000183105469,59.31999969482422,59.630001068115234,59.630001068115234,1185900
2026-07-08,59.869998931884766,60.08000183105469,59.31999969482422,59.630001068115234,59.630001068115234,1185900
2026-07-09,59.970001220703125,60.310001373291016,59.4900016784668,59.56999969482422,59.56999969482422,759500
2026-07-09,59.970001220703125,60.310001373291016,59.4900016784668,59.56999969482422,59.56999969482422,759500
2026-07-10,59.720001220703125,60.06999969482422,59.150001525878906,59.619998931884766,59.619998931884766,333400
2026-07-10,59.720001220703125,60.06999969482422,59.150001525878906,59.619998931884766,59.619998931884766,333400
2026-07-13,59.869998931884766,60.0,59.25,59.810001373291016,59.810001373291016,506800
2026-07-13,59.869998931884766,60.0,59.25,59.810001373291016,59.810001373291016,506800
2026-07-14,59.900001525878906,60.13999938964844,59.459999084472656,59.540000915527344,59.540000915527344,499100
2026-07-14,59.900001525878906,60.13999938964844,59.459999084472656,59.540000915527344,59.540000915527344,499100
2026-07-15,59.7599983215332,60.709999084472656,59.75,60.130001068115234,60.130001068115234,432202
2026-07-15,59.7599983215332,60.709999084472656,59.75,60.130001068115234,60.130001068115234,555500
2026-07-16,60.459999084472656,62.2599983215332,60.27199935913086,62.2599983215332,62.2599983215332,1066035
